01/04/99 21.4375              
01/05/99 21.6875              
01/06/99 22.1250              
01/07/99 21.5625              
01/08/99 21.8125 21.7250 0.2781 0.2358 0.2358      
01/11/99 21.4375 21.7250 0.2781 0.2358 0.2358      
01/12/99 21.5000 21.6875 0.3203 0.2531 0.2531      
01/13/99 21.1875 21.5000 0.2031 0.2016 0.2016      
01/14/99 20.6875 21.3250 0.7063 0.3758 0.3758      
01/15/99 20.9375 21.1500 0.4656 0.3052 0.3052      
01/19/99 21.9375 21.2500 0.9531 0.4366 0.4366      
01/20/99 21.9375 21.3375 1.3250 0.5148 0.5148      
01/21/99 22.2500 21.5500 1.9094 0.6180 0.6180      
01/22/99 22.8125 21.9750 1.8563 0.6093 0.6093      
01/25/99 22.6875 22.3250 0.6750 0.3674 0.3674      
01/26/99 22.5625 22.4500 0.5031 0.3172 0.3172      
01/27/99 21.9375 22.4500 0.5031 0.3172 0.3172      
01/28/99 22.1250 22.4250 0.5656 0.3363 0.3363      
01/29/99 21.8750 22.2375 0.5422 0.3293 0.3293      
02/01/99 21.5000 22.0000 0.6016 0.3469 0.3469      
02/02/99 21.5000 21.7875 0.3094 0.2487 0.2487      
02/03/99 21.0000 21.6000 0.7313 0.3824 0.3824      
02/04/99 20.6875 21.3125 0.8750 0.4183 0.4183      
02/05/99 20.6250 21.0625 0.7188 0.3791 0.3791      
02/08/99 20.5625 20.8750 0.6016 0.3469 0.3469      
02/09/99 20.0000 20.5750 0.5266 0.3245 0.3245      
02/10/99 20.0625 20.3875 0.4328 0.2942 0.2942      
02/11/99 20.0000 20.2500 0.3984 0.2823 0.2823      
02/12/99 19.8125 20.0875 0.3172 0.2519 0.2519      
02/16/99 20.0625 19.9875 0.0422 0.0919 0.0919      
02/17/99 19.9375 19.9750 0.0438 0.0935 0.0935      
02/18/99 20.5625 20.0750 0.3313 0.2574 0.2574      
02/19/99 20.5000 20.1750 0.4563 0.3021 0.3021      
02/22/99 20.6250 20.3375 0.3953 0.2812 0.2812      
02/23/99 20.2500 20.3750 0.3203 0.2531 0.2531      
02/24/99 20.5000 20.4875 0.0813 0.1275 0.1275      
02/25/99 20.3750 20.4500 0.0813 0.1275 0.1275      
02/26/99 19.8125 20.3125 0.3906 0.2795 0.2795      
03/01/99 19.4375 20.0750 0.7766 0.3941 0.3941      
03/02/99 19.4375 19.9125 1.0203 0.4517 0.4517      
03/03/99 19.6250 19.7375 0.6047 0.3478 0.3478      
03/04/99 19.5000 19.5625 0.1016 0.1425 0.1425      
03/05/99 19.5625 19.5125 0.0266 0.0729 0.0729      
03/08/99 19.5000 19.5250 0.0203 0.0637 0.0637      
03/09/99 20.1250 19.6625 0.2781 0.2358 0.2358      
03/10/99 19.8125 19.7000 0.2922 0.2417 0.2417      
03/11/99 19.6250 19.7250 0.2547 0.2257 0.2257      
03/12/99 19.6250 19.7375 0.2375 0.2179 0.2179      
03/15/99 19.5000 19.7375 0.2375 0.2179 0.2179      
03/16/99 19.7500 19.6625 0.0594 0.1090 0.1090      
03/17/99 20.2500 19.7500 0.3438 0.2622 0.2622      
